id
418
972
1086
932
121
722
1050
105
849
1091
566
146
141
103
421
904
1052
385
145
1080
307
8
172
847
1110
770
50
192
254
361
182
846
779
242
455
38
175
664
548
740
910
604
263
19
235
764
738
150
908
213
400
711
236
229
756
691
230
53
797
252
746
422
425
900
903
753
761
1079
232
20
558
725
267
297
225
922
952
1081
681
251
171
388
163
938
333
246
331
438
243
570
298
250
210
183
215
241
1113
411
887
234
1117
996
268
927
1108
1109
1115
906
898
901
1116
1100
1112
1093
1111
902
1102
1121
1114
1096
759
925
278
327
699
240
178
912
384
116
119
18
238
113
703
1104
354
174
231
255
176
55
310
668
415
886
228
597
223
291
358
362
687
115
865
382
366
87
1062
13
37
309
876
61
443
875
127
47
446
1068
334
104
752
367
49
179
1107
123
794
1078
326
143
65
1106
1103
1099
968
696
698
449
590
1105
328
693
84
204
872
332
330
1090
1028
9
129
480
750
337
122
144
918
208
917
85
452
378
479
285
28
62
706
48
879
203
184
495
575
675
56
871
444
516
692
858
323
322
312
318
913
319
1059
684
202
857
324
825
376
89
394
257
226
1074
80
118
1119
372
199
525
657
173
709
301
417
428
702
33
41
25
920
462
705
112
607
138
256
431
586
720
164
276
66
776
120
77
874
530
266
314
162
316
340
389
817
188
2
227
867
99
451
655
537
964
1
54
10
58
1138
928
377
414
46
359
1008
1013
1095
899
151
189
1085
52
472
861
88
1136
870
892
114
101
419
447
142
350
435
862
51
339
701
351
486
924
736
239
766
864
153
859
863
883
26
296
1069
1063
364
999
666
321
181
420
244
905
468
35
895
233
311
108
335
777
5
63
947
71
111
1126
157
147
86
304
436
6
434
161
663
866
934
109
106
529
59
652
860
137
356
110
933
757
882
23
148
379
742
893
1067
975
1072
1076
1073
1066
152
155
149
100
44
264
94
57
765
373
795
224
393
363
822
894
935
299
1120
660
369
313
1087
897
1101
249
352
258
426
1055
259
336
695
134
568
884
813
478
442
432
404
355
915
380
262
237
873
856
43
453
1094
454
909
1022
207
159
848
212
221
274
64
102
167
197
261
744
